# Blender v2.75 (sub 0) OBJ File: 'environment.blend'
# www.blender.org
o Pillars_Cube.004
v 169.389648 -5.848436 269.368988
v 169.768539 14.299864 268.796326
v 167.481934 -5.962160 264.105194
v 167.860840 14.186144 263.532532
v 174.653625 -6.001554 267.464539
v 175.032532 14.146769 266.891907
v 172.745941 -6.115271 262.200714
v 173.124817 14.033030 261.628113
v 146.164368 -0.864931 270.064514
v 145.361267 8.499781 268.110748
v 143.055634 -2.974665 261.230255
v 142.252533 6.390036 259.276459
v 155.211517 -0.758574 266.855530
v 154.408417 8.606115 264.901733
v 152.102783 -2.868315 258.021210
v 151.299683 6.496378 256.067413
v 200.114731 0.094328 167.776245
v 205.112106 25.362089 154.191650
v 199.152924 -2.369249 162.840057
v 204.150299 22.898504 149.255493
v 205.547180 -1.201464 167.364441
v 210.544540 24.066290 153.779846
v 204.585358 -3.665056 162.428314
v 209.582748 21.602705 148.843719
v 28.434050 1.275297 -305.271118
v 40.498932 36.594322 -303.795624
v 29.145117 1.299791 -311.671692
v 41.209999 36.618813 -310.196228
v 34.487228 -0.820215 -304.606659
v 46.552116 34.498817 -303.131165
v 35.198296 -0.795713 -311.007263
v 47.263184 34.523308 -309.531769
v 48.281960 10.551054 -304.237854
v 48.898140 43.543182 -303.864075
v 46.735191 10.645609 -310.034302
v 47.351372 43.637733 -309.660492
v 54.078072 10.460344 -305.786041
v 54.694252 43.452469 -305.412262
v 52.531303 10.554911 -311.582458
v 53.147484 43.547028 -311.208710
v 33.985878 1.473814 -282.541534
v 33.299644 10.040159 -282.214600
v 38.818840 2.131292 -289.624664
v 38.132614 10.697638 -289.297729
v 41.066238 1.855280 -277.675018
v 40.380013 10.421618 -277.348114
v 45.899200 2.512758 -284.758118
v 45.212975 11.079100 -284.431213
v 52.247841 2.557211 -271.941589
v 54.619858 15.912172 -274.482941
v 52.490242 1.484789 -277.350983
v 54.862251 14.839750 -279.892334
v 57.680290 1.672052 -271.522675
v 60.052299 15.027014 -274.064026
v 57.922684 0.599634 -276.932068
v 60.294701 13.954588 -279.473419
v 339.493286 -6.636683 -265.733276
v 342.063477 26.005178 -266.791931
v 334.642090 -6.452707 -271.838348
v 337.212280 26.189154 -272.897003
v 345.570374 -7.272425 -270.581421
v 348.140594 25.369421 -271.640106
v 340.719177 -7.088449 -276.686523
v 343.289368 25.553411 -277.745178
v 334.187958 0.741217 -244.014343
v 331.922485 11.155752 -242.269440
v 334.480835 1.991903 -251.098846
v 332.215363 12.406454 -249.353943
v 341.221680 2.179968 -243.469543
v 338.956177 12.594519 -241.724640
v 341.514557 3.430670 -250.554016
v 339.249084 13.845221 -248.809113
v 259.146545 29.491079 -104.181152
v 259.146637 46.645790 -104.178680
v 262.023590 29.491636 -108.290031
v 262.023682 46.646378 -108.287552
v 263.255371 29.490637 -101.304100
v 263.255493 46.645355 -101.301613
v 266.132446 29.491217 -105.412979
v 266.132568 46.645935 -105.410492
v 281.081604 16.645376 -11.016823
v 289.218506 23.576025 -34.168648
v 283.425415 12.256048 -11.507042
v 291.562317 19.186697 -34.658882
v 285.199982 18.616934 -8.979179
v 293.336853 25.547567 -32.131020
v 287.543823 14.227606 -9.469429
v 295.680664 21.158255 -32.621254
v 279.960510 8.703054 4.259552
v 278.154633 20.529783 5.190720
v 279.498596 9.574163 -7.699883
v 277.692749 21.400877 -6.768700
v 291.814880 10.538687 3.935387
v 290.008972 22.365408 4.866570
v 291.352966 11.409796 -8.024048
v 289.547058 23.236517 -7.092842
v 269.097900 1.226645 -26.400841
v 265.765381 22.459387 -24.250381
v 268.868164 1.795088 -32.369438
v 265.535583 23.027815 -30.218987
v 275.021637 2.170385 -26.539009
v 271.689087 23.403120 -24.388557
v 274.791840 2.738813 -32.507607
v 271.459290 23.971563 -30.357147
v 206.954819 2.590582 -82.356461
v 208.954834 27.904211 -81.414291
v 206.985107 2.760038 -86.973251
v 208.985138 28.073660 -86.031082
v 211.560364 2.226072 -82.339630
v 213.560425 27.539694 -81.397461
v 211.590668 2.395521 -86.956421
v 213.590698 27.709150 -86.014252
v 190.894440 4.418081 -84.034126
v 189.681686 10.468428 -85.731903
v 188.789749 2.397764 -89.730507
v 187.576996 8.448126 -91.428268
v 196.815552 4.939177 -86.406670
v 195.602783 10.989538 -88.104431
v 194.710876 2.918882 -92.103035
v 193.498108 8.969221 -93.800812
v 281.144318 0.930807 297.809631
v 279.888245 10.889082 295.243500
v 284.091766 -1.197298 288.108429
v 282.835693 8.760954 285.542297
v 290.996460 2.837103 300.384735
v 289.740356 12.795355 297.818604
v 293.943878 0.708967 290.683533
v 292.687805 10.667250 288.117401
v 295.832458 -1.659708 282.971497
v 294.278931 5.318876 282.119568
v 295.348541 -2.636278 275.854492
v 293.794983 4.342283 275.002533
v 302.846191 -0.181322 282.291687
v 301.292633 6.797239 281.439789
v 302.362244 -1.157907 275.174683
v 300.808716 5.820669 274.322784
v -218.648987 57.390495 -276.465851
v -219.499557 81.679802 -274.817902
v -219.002884 57.848679 -283.401703
v -219.853439 82.137993 -281.753784
v -211.702240 57.656601 -276.802704
v -212.552795 81.945915 -275.154785
v -212.056122 58.114792 -283.738586
v -212.906708 82.404106 -282.090637
v -182.311005 13.686090 -288.723114
v -188.363632 49.537918 -286.999084
v -182.451599 13.998560 -295.714722
v -188.504227 49.850388 -293.990723
v -175.409912 14.855310 -288.809601
v -181.462524 50.707138 -287.085632
v -175.550491 15.167784 -295.801208
v -181.603119 51.019608 -294.077240
v -223.123962 18.529219 -257.016327
v -226.719864 6.885618 -257.595856
v -226.453247 18.973631 -245.287781
v -230.049149 7.330023 -245.867340
v -234.296509 22.144316 -260.324738
v -237.892395 10.500715 -260.904297
v -237.625763 22.588736 -248.596222
v -241.221664 10.945127 -249.175751
v 162.809570 -9.856256 73.421806
v 158.130432 15.943174 76.170433
v 162.926514 -9.119249 66.703117
v 158.247375 16.680189 69.451744
v 169.461212 -8.676008 73.667061
v 164.782074 17.123434 76.415672
v 169.578156 -7.938993 66.948372
v 164.899017 17.860434 69.696968
v 104.905296 2.948244 122.984703
v 106.423119 13.733410 127.729240
v 107.158440 3.807104 120.311546
v 108.676262 14.592262 125.056099
v 107.675095 1.706861 124.920494
v 109.192917 12.492029 129.665039
v 109.928246 2.565722 122.247337
v 111.446053 13.350889 126.991875
v 94.598854 -2.944498 140.451782
v 89.847771 23.786976 143.305786
v 95.683556 -2.323608 136.442078
v 90.932472 24.407866 139.296082
v 98.589973 -2.360081 141.621948
v 93.838898 24.371395 144.475983
v 99.674675 -1.739191 137.612244
v 94.923607 24.992283 140.466248
v 185.174835 1.635397 140.786224
v 184.551178 9.078794 139.383698
v 182.057297 0.100615 134.027100
v 181.433655 7.544012 132.624603
v 192.077881 1.614759 137.606995
v 191.454254 9.058142 136.204468
v 188.960358 0.079962 130.847870
v 188.336700 7.523359 129.445374
v 196.215775 2.196875 168.872742
v 188.207977 28.213221 171.774231
v 193.897766 1.925116 164.911957
v 185.889954 27.941465 167.813446
v 199.933289 3.594458 166.601166
v 191.925476 29.610804 169.502686
v 197.615295 3.322699 162.640411
v 189.607483 29.339045 165.541901
v 201.212967 5.253561 170.250732
v 209.133240 42.656357 176.377594
v 201.246735 6.028990 165.473389
v 209.167007 43.431793 171.600220
v 205.950531 4.271017 170.124725
v 213.870804 41.673828 176.251587
v 205.984253 5.046423 165.347351
v 213.904541 42.449234 171.474213
v -109.170021 -0.744852 165.836884
v -104.286781 13.347593 141.003418
v -107.781143 -4.192217 164.153717
v -102.897903 9.900236 139.320221
v -105.395851 0.162046 167.093719
v -100.512611 14.254499 142.260223
v -104.006966 -3.285311 165.410522
v -99.123734 10.807150 140.577026
v -103.666466 1.737036 138.301361
v -110.278809 39.617004 133.062500
v -103.570473 1.211119 134.377625
v -110.182831 39.091095 129.138763
v -99.765556 2.418547 138.305450
v -106.377892 40.298508 133.066559
v -99.669563 1.892637 134.381683
v -106.281914 39.772598 129.142822
v -94.749962 5.401987 144.047302
v -99.187019 32.099945 155.283661
v -96.114647 6.649069 140.545288
v -100.551697 33.347031 151.781647
v -91.081223 6.455511 142.992798
v -95.518265 33.153481 154.229156
v -92.445900 7.702589 139.490814
v -96.882950 34.400558 150.727173
v -71.072578 4.516718 173.556030
v -70.780220 10.061152 171.878540
v -68.626053 2.876081 168.559753
v -68.333679 8.420504 166.882263
v -65.821968 4.972456 175.977417
v -65.529602 10.516882 174.299957
v -63.375427 3.331808 170.981171
v -63.083061 8.876245 169.303680
v -355.572845 48.835747 233.734009
v -358.769196 74.880821 231.689484
v -355.145966 48.450874 228.163574
v -358.342346 74.495934 226.119080
v -350.030701 49.545387 234.109711
v -353.227051 75.590477 232.065125
v -349.603821 49.160515 228.539246
v -352.800201 75.205589 226.494720
v -381.244598 -4.535517 275.284241
v -380.021484 3.724554 278.061890
v -384.003052 -1.507868 267.495483
v -382.779938 6.752188 270.273193
v -372.978149 -4.747400 272.274200
v -371.755005 3.512655 275.051880
v -375.736603 -1.719767 264.485504
v -374.513458 6.540304 267.263153
v -368.015381 -1.825357 -93.944672
v -366.204651 3.467276 -94.208084
v -372.698242 -0.473291 -98.968903
v -370.887512 4.819357 -99.232300
v -363.330536 -3.670176 -98.807686
v -361.519775 1.622442 -99.071091
v -368.013397 -2.318110 -103.831894
v -366.202637 2.974524 -104.095299
v -382.500732 -0.422022 -108.778702
v -386.618805 20.568045 -110.116455
v -378.595520 0.199408 -111.049515
v -382.713562 21.189489 -112.387268
v -380.315552 0.258047 -104.834595
v -384.433594 21.248144 -106.172348
v -376.410339 0.879492 -107.105408
v -380.528381 21.869574 -108.443161
v -384.728485 -0.943277 -88.769600
v -381.788025 7.841681 -89.647293
v -386.075195 -1.117685 -95.026917
v -383.134705 7.667273 -95.904610
v -378.420471 -3.184061 -90.064774
v -375.479980 5.600882 -90.942467
v -379.767120 -3.358484 -96.322083
v -376.826660 5.426504 -97.199776
v -47.417274 36.949341 52.996559
v -47.384201 49.144196 52.651970
v -47.443245 36.871094 50.225105
v -47.410172 49.065956 49.880531
v -44.644737 36.941101 52.970802
v -44.611664 49.135948 52.626244
v -44.670708 36.862854 50.199364
v -44.637627 49.057709 49.854774
v -5.159275 56.177292 -113.021301
v -5.351044 73.451950 -113.405701
v -5.137131 56.081436 -117.340179
v -5.328899 73.356094 -117.724579
v -0.839600 56.225716 -113.000237
v -1.031370 73.500374 -113.384628
v -0.817457 56.129860 -117.319115
v -1.009226 73.404510 -117.703506
v -190.152557 -1.330576 6.836052
v -190.908188 5.446363 5.745331
v -193.616470 -2.111513 4.383644
v -194.372101 4.665419 3.292923
v -187.808105 -1.588884 3.606880
v -188.563751 5.188047 2.516167
v -191.272034 -2.369822 1.154472
v -192.027664 4.407118 0.063744
v -189.049622 -3.276827 10.635773
v -190.377106 16.531919 12.987465
v -190.651367 -2.961077 7.071915
v -191.978867 16.847685 9.423607
v -185.481277 -2.851770 9.069656
v -186.808777 16.956984 11.421364
v -187.083038 -2.536013 5.505806
v -188.410538 17.272749 7.857498
v 2.295074 1.168434 30.343575
v 5.334291 19.620052 32.942680
v 1.038733 1.780858 27.464943
v 4.077951 20.232475 30.064049
v 5.192699 0.878000 29.017143
v 8.231918 19.329617 31.616264
v 3.936357 1.490424 26.138512
v 6.975576 19.942041 28.737633
v -6.386074 6.194498 26.565590
v -7.632642 9.603193 25.440056
v -2.838674 7.181846 25.626930
v -4.085242 10.590546 24.501381
v -5.836515 7.553146 30.071602
v -7.083083 10.961844 28.946037
v -2.289113 8.540499 29.132927
v -3.535681 11.949194 28.007393
v -29.336887 -1.416530 18.379051
v -35.632050 22.141407 17.510551
v -29.920019 -1.717825 14.433281
v -36.215179 21.840115 13.564774
v -25.516556 -0.419288 17.738335
v -31.811714 23.138659 16.869804
v -26.099684 -0.720577 13.792542
v -32.394844 22.837364 12.924034
v 27.326853 -0.795418 -48.984516
v 27.167490 4.733795 -48.111355
v 23.080351 -0.345697 -52.607357
v 22.920988 5.183514 -51.734200
v 30.974020 -0.030199 -53.164539
v 30.814657 5.499010 -52.291382
v 26.727522 0.419519 -56.787384
v 26.568159 5.948730 -55.914223
v -31.573069 -2.432009 -119.545547
v -32.409943 10.523849 -120.367218
v -33.611008 -2.792101 -123.147766
v -34.447884 10.163757 -123.969429
v -27.958290 -2.328867 -121.600914
v -28.795164 10.626991 -122.422585
v -29.996227 -2.688959 -125.203125
v -30.833103 10.266899 -126.024796
v -39.639053 3.207182 -95.280807
v -31.124535 12.056028 -94.045555
v -39.081776 3.187209 -98.979004
v -30.567257 12.036055 -97.743752
v -36.989555 0.600092 -94.867477
v -28.475039 9.448936 -93.632225
v -36.432281 0.580118 -98.565666
v -27.917761 9.428963 -97.330421
v 8.932894 8.448738 -95.136047
v 9.486017 11.791534 -93.329010
v 6.907652 11.591724 -100.330276
v 7.460775 14.934520 -98.523247
v 14.933607 8.653587 -97.351784
v 15.486731 11.996385 -95.544746
v 12.908365 11.796575 -102.546013
v 13.461489 15.139370 -100.738983
v 7.644165 6.481229 -83.108009
v 11.587229 16.144001 -78.277588
v 7.919367 8.623253 -87.617554
v 11.862431 18.286026 -82.787125
v 12.333002 4.819422 -83.611221
v 16.276064 14.482193 -78.780792
v 12.608202 6.961449 -88.120766
v 16.551264 16.624218 -83.290337
v -7.202175 7.269633 -113.419678
v -24.902592 22.533581 -108.931122
v -10.369430 4.018435 -114.853455
v -28.069847 19.282383 -110.364899
v -6.895792 8.933287 -117.868950
v -24.596210 24.197235 -113.380386
v -10.063046 5.682088 -119.302727
v -27.763464 20.946035 -114.814163
v -9.045396 -6.903311 -104.628235
v -12.297153 41.347046 -112.347641
v -8.879856 -7.713408 -109.761513
v -12.131614 40.536953 -117.480911
v -3.868382 -6.536953 -104.519104
v -7.120139 41.713406 -112.238503
v -3.702843 -7.347050 -109.652374
v -6.954597 40.903309 -117.371780
v -0.301861 8.103889 -112.303619
v 4.689211 54.170937 -128.152191
v 0.202240 6.371632 -117.180023
v 5.193310 52.438675 -133.028595
v 4.837637 7.770574 -111.653915
v 9.828703 53.837624 -127.502495
v 5.341736 6.038317 -116.530319
v 10.332808 52.105362 -132.378906
vt 0.000000 0.000000
vt 0.250000 0.000000
vt 0.250000 0.782609
vt 0.500000 0.000000
vt 0.750000 0.000000
vt 0.750000 0.782609
vt 1.000000 0.000000
vt 0.500000 0.782609
vt 0.250000 1.000000
vt 0.000000 1.000000
vt 0.000000 0.333333
vt 0.333333 0.333333
vt 0.333333 0.666667
vt 0.333333 0.000000
vt 0.666667 0.000000
vt 0.666667 0.333333
vt 0.333333 1.000000
vt 0.400000 1.000000
vt 0.200000 1.000000
vt 0.200000 0.000000
vt 0.600000 0.000000
vt 0.600000 1.000000
vt 0.800000 1.000000
vt 1.000000 0.384615
vt 0.800000 0.384615
vt 0.800000 0.192308
vt 0.800000 0.000000
vt 1.000000 0.192308
vt 0.400000 0.000000
vt 0.800000 0.344828
vt 0.800000 0.172414
vt 1.000000 0.172414
vt 0.800000 0.363636
vt 0.800000 0.181818
vt 1.000000 0.181818
vt 0.000000 0.666667
vt 0.250000 0.714286
vt 0.000000 0.714286
vt 0.750000 0.714286
vt 0.500000 0.714286
vt 0.500000 1.000000
vt 0.800000 0.476191
vt 0.800000 0.238095
vt 1.000000 0.238095
vt 0.333333 0.500000
vt 1.000000 0.500000
vt 0.666667 0.500000
vt 0.000000 0.500000
vt 1.000000 0.833333
vt 0.666667 0.833333
vt 0.333333 0.833333
vt 0.250000 0.773756
vt 0.000000 0.773756
vt 0.750000 0.773756
vt 0.500000 0.773756
vt 0.800000 0.196078
vt 1.000000 0.196078
vt 1.000000 0.392157
vt 1.000000 0.333333
vt 0.000000 0.782609
vt 1.000000 0.363636
vt 0.666667 0.666667
vt 0.250000 0.777778
vt 0.750000 0.777778
vt 0.500000 0.777778
vt 0.250000 0.795918
vt 0.750000 0.795918
vt 0.500000 0.795918
vt 0.000000 0.795918
vt 0.250000 0.767442
vt 0.000000 0.767442
vt 0.750000 0.767442
vt 1.000000 0.767442
vt 0.500000 0.767442
vt 0.800000 0.307692
vt 0.800000 0.153846
vt 1.000000 0.153846
vt 0.200575 0.000000
vt 0.200575 1.000000
vt 0.800384 0.000000
vt 0.800383 1.000000
vt 0.600767 1.000000
vt 0.401150 1.000000
vt 0.600767 0.000000
vt 0.800384 0.167935
vt 1.000000 0.167935
vt 1.000000 0.335871
vt 0.800000 0.125000
vt 1.000000 0.125000
vt 1.000000 0.250000
vt 0.800000 0.140845
vt 1.000000 0.140845
vt 1.000000 0.281690
vt 0.800000 0.204082
vt 0.800000 0.102041
vt 1.000000 0.102041
vt 1.000000 0.270270
vt 0.800000 0.270270
vt 0.800000 0.135135
vt 1.000000 0.135135
vt 1.000000 0.425532
vt 0.800000 0.425532
vt 0.800000 0.212766
vt 1.000000 0.212766
vt 0.692308 0.500000
vt 1.000000 1.000000
vt 0.692308 0.000000
vt 0.384615 1.000000
vt 0.384615 0.500000
vt 0.384615 0.000000
vt 0.319515 0.500000
vt 0.319515 1.000000
vt 0.340243 0.000000
vt 0.680485 0.000000
vt 0.680485 0.500000
vt 0.639030 0.500000
vt 0.639030 1.000000
vt 0.340243 0.500000
vt 0.680485 0.366361
vt 0.958545 0.500000
vt 0.958545 0.866361
vt 0.800000 0.454545
vt 0.800000 0.227273
vt 1.000000 0.227273
vt 0.200000 0.800000
vt 0.600000 0.800000
vt 0.400000 0.800000
vt 0.800000 0.800000
vt 1.000000 0.200000
vt 0.341689 0.000000
vt 0.341689 0.500000
vt 0.683379 0.000000
vt 0.683379 0.500000
vt 0.316621 0.500000
vt 0.316621 1.000000
vt 0.633242 0.812458
vt 0.633242 0.500000
vt 0.949864 0.500000
vt 0.316621 0.812458
vt 0.800000 0.392157
vt 0.800000 0.338983
vt 0.800000 0.169492
vt 1.000000 0.169492
vt 1.000000 0.163934
vt 1.000000 0.327869
vt 0.800000 0.327869
vt 0.500311 0.000000
vt 0.750155 0.000000
vt 0.750156 0.757721
vt 0.250155 0.000000
vt 0.250155 0.757721
vt 0.000000 0.757721
vt 0.500311 0.757721
vt 0.499689 0.757721
vt 0.499689 1.000000
vt 0.249845 1.000000
vt 0.727273 1.000000
vt 0.727273 0.500000
vt 0.727273 0.000000
vt 0.454546 0.500000
vt 0.454545 0.000000
vt 0.454545 1.000000
vt 0.250000 0.696970
vt 0.500000 0.696970
vt 0.750000 0.696970
vt 0.750000 1.000000
vt 0.000000 0.696970
vt 0.800000 0.400000
vt 0.800000 0.200000
vt 0.200192 1.000000
vt 0.600257 0.000000
vt 0.800128 0.000000
vt 0.800128 1.000000
vt 0.200192 0.000000
vt 0.400385 0.000000
vt 0.600256 1.000000
vt 0.400385 1.000000
vt 0.800128 0.106172
vt 1.000000 0.106172
vt 1.000000 0.212343
vt 1.000000 0.782609
vt 1.000000 0.344828
vt 1.000000 0.714286
vt 1.000000 0.476190
vt 1.000000 0.773756
vt 0.000000 0.777778
vt 1.000000 0.777778
vt 1.000000 0.795918
vt 1.000000 0.307692
vt 0.401150 0.000000
vt 0.800384 0.335871
vt 0.800000 0.250000
vt 0.800000 0.281690
vt 1.000000 0.204082
vt 0.692308 1.000000
vt 1.000000 0.366361
vt 0.639030 0.866361
vt 1.000000 0.454545
vt 0.000000 0.800000
vt 0.949863 0.812458
vt 1.000000 0.338983
vt 0.800000 0.163934
vt 1.000000 0.757721
vt 0.249845 0.757721
vt 1.000000 0.696970
vt 1.000000 0.400000
vt 0.800128 0.212343
vn -0.940000 0.027300 0.340100
vn -0.340700 -0.020300 -0.940000
vn 0.940000 -0.027300 -0.340100
vn 0.340600 0.020300 0.940000
vn -0.018800 -0.999400 0.028400
vn 0.018800 0.999400 -0.028400
vn -0.942400 -0.011100 0.334300
vn -0.323800 -0.219800 -0.920200
vn 0.942400 0.011100 -0.334300
vn 0.323800 0.219800 0.920200
vn 0.083700 -0.975500 0.203500
vn -0.083700 0.975500 -0.203500
vn -0.970100 0.231400 0.073500
vn -0.171700 -0.439900 -0.881500
vn 0.970100 -0.231400 -0.073500
vn 0.171800 0.439900 0.881500
vn -0.171600 -0.867700 0.466500
vn 0.171600 0.867700 -0.466500
vn -0.939900 0.325400 -0.103200
vn 0.110400 0.003800 -0.993900
vn 0.939900 -0.325400 0.103200
vn -0.110400 -0.003800 0.993900
vn -0.323000 -0.945600 -0.039500
vn 0.323000 0.945600 0.039500
vn -0.966000 0.015100 0.258000
vn -0.257800 0.015800 -0.966100
vn 0.966000 -0.015100 -0.258000
vn 0.257800 -0.015800 0.966100
vn -0.018700 -0.999800 -0.011300
vn 0.018700 0.999800 0.011300
vn -0.823300 -0.044400 -0.565900
vn 0.562000 0.076400 -0.823600
vn 0.823300 0.044400 0.565900
vn -0.562000 -0.076500 0.823600
vn 0.079800 -0.996100 -0.038000
vn -0.079800 0.996100 0.038000
vn -0.984100 0.160400 -0.075900
vn 0.043900 -0.194300 -0.980000
vn 0.984100 -0.160400 0.075900
vn -0.043900 0.194300 0.980000
vn -0.171900 -0.967800 0.184200
vn 0.171900 0.967800 -0.184200
vn -0.779100 0.081500 0.621600
vn -0.622000 0.023600 -0.782700
vn 0.779100 -0.081500 -0.621600
vn 0.622000 -0.023600 0.782700
vn -0.078500 -0.996400 0.032300
vn 0.078500 0.996400 -0.032300
vn -0.976900 -0.199800 -0.075700
vn 0.040700 0.173700 -0.984000
vn 0.976900 0.199800 0.075700
vn -0.040700 -0.173700 0.984000
vn 0.209800 -0.964300 -0.161600
vn -0.209800 0.964300 0.161600
vn -0.819200 0.000100 -0.573600
vn 0.573600 0.000100 -0.819200
vn 0.819200 -0.000100 0.573600
vn -0.573600 -0.000100 0.819100
vn -0.000000 -1.000000 -0.000100
vn 0.000000 1.000000 0.000100
vn -0.823700 -0.394300 -0.407500
vn 0.468800 -0.877900 -0.098000
vn 0.823700 0.394300 0.407500
vn -0.468800 0.877900 0.098000
vn -0.319100 -0.271800 0.907900
vn 0.319100 0.271800 -0.907900
vn -0.987900 -0.153000 0.027000
vn -0.038500 0.072600 -0.996600
vn 0.987900 0.153000 -0.027000
vn 0.038500 -0.072600 0.996600
vn 0.150500 -0.985600 -0.077600
vn -0.150500 0.985600 0.077600
vn -0.987300 -0.157300 0.023000
vn -0.038300 0.094700 -0.994800
vn 0.987300 0.157300 -0.023000
vn 0.038300 -0.094700 0.994800
vn 0.154300 -0.983000 -0.099600
vn -0.154300 0.983000 0.099600
vn -0.996900 0.078900 -0.003600
vn 0.006600 0.036700 -0.999300
vn 0.996900 -0.078900 0.003600
vn -0.006600 -0.036700 0.999300
vn -0.078700 -0.996200 -0.037100
vn 0.078700 0.996200 0.037100
vn -0.925200 -0.081400 0.370700
vn -0.328900 -0.315700 -0.890100
vn 0.925200 0.081400 -0.370700
vn 0.328900 0.315700 0.890100
vn 0.189500 -0.945400 0.265300
vn -0.189500 0.945400 -0.265300
vn -0.951000 -0.184000 -0.248600
vn 0.284500 -0.205400 -0.936400
vn 0.951000 0.184000 0.248600
vn -0.284500 0.205400 0.936400
vn 0.121200 -0.961200 0.247700
vn -0.121200 0.961200 -0.247700
vn -0.974100 -0.205300 0.094400
vn -0.067200 -0.135600 -0.988500
vn 0.974100 0.205300 -0.094400
vn 0.067200 0.135600 0.988500
vn 0.215800 -0.969200 0.118300
vn -0.215800 0.969200 -0.118300
vn -0.998100 -0.038200 0.048400
vn -0.050900 0.065800 -0.996500
vn 0.998100 0.038200 -0.048400
vn 0.050800 -0.065800 0.996500
vn 0.034900 -0.997100 -0.067600
vn -0.034900 0.997100 0.067700
vn -0.985900 -0.167000 0.012400
vn -0.020100 0.044600 -0.998800
vn 0.985900 0.167000 -0.012400
vn 0.020100 -0.044600 0.998800
vn 0.166300 -0.984900 -0.047400
vn -0.166300 0.984900 0.047400
vn 0.915800 -0.296300 0.271200
vn -0.272900 0.036400 0.961400
vn -0.915800 0.296300 -0.271200
vn 0.272900 -0.036400 -0.961400
vn 0.294700 0.954400 0.047500
vn -0.294700 -0.954400 -0.047500
vn -0.984000 -0.174600 -0.036300
vn 0.017300 0.109000 -0.993900
vn 0.984000 0.174600 0.036300
vn -0.017300 -0.109000 0.993900
vn 0.177500 -0.978600 -0.104300
vn -0.177500 0.978600 0.104300
vn -0.769400 0.344800 -0.537700
vn 0.625900 0.238600 -0.742500
vn 0.769400 -0.344800 0.537700
vn -0.625900 -0.238600 0.742500
vn -0.127800 -0.907800 -0.399400
vn 0.127800 0.907800 0.399400
vn -0.950300 -0.139100 -0.278600
vn 0.258300 0.147800 -0.954700
vn 0.950300 0.139100 0.278600
vn -0.258300 -0.147800 0.954700
vn 0.174000 -0.979200 -0.104500
vn -0.174000 0.979200 0.104500
vn -0.908300 0.002700 0.418300
vn -0.410200 -0.201900 -0.889400
vn 0.908300 -0.002700 -0.418300
vn 0.410200 0.201900 0.889400
vn 0.082100 -0.979400 0.184500
vn -0.082100 0.979400 -0.184500
vn -0.812500 -0.305500 0.496500
vn -0.504200 -0.059100 -0.861500
vn 0.812500 0.305500 -0.496500
vn 0.504200 0.059100 0.861500
vn 0.292500 -0.950400 -0.106000
vn -0.292500 0.950400 0.106000
vn -0.978800 0.203000 0.026000
vn 0.007000 0.160200 -0.987100
vn 0.978800 -0.203000 -0.026000
vn -0.007000 -0.160200 0.987100
vn -0.204600 -0.966000 -0.158200
vn 0.204600 0.966000 0.158200
vn -0.925000 -0.222300 -0.308000
vn 0.340400 -0.844900 -0.412500
vn 0.925000 0.222300 0.308000
vn -0.340400 0.844900 0.412500
vn -0.168600 -0.486500 0.857300
vn 0.168600 0.486500 -0.857300
vn -0.985100 -0.172100 -0.001000
vn 0.024200 -0.132800 -0.990800
vn 0.985100 0.172100 0.001000
vn -0.024200 0.132800 0.990800
vn 0.170400 -0.976100 0.135000
vn -0.170400 0.976100 -0.135000
vn -0.926500 -0.266000 0.266300
vn -0.344600 0.314900 -0.884300
vn 0.926500 0.266000 -0.266300
vn 0.344600 -0.314900 0.884300
vn 0.151400 -0.911100 -0.383400
vn -0.151400 0.911100 0.383400
vn -0.905300 -0.078600 -0.417500
vn 0.421800 -0.282900 -0.861400
vn 0.905300 0.078600 0.417500
vn -0.421800 0.282900 0.861400
vn -0.050400 -0.955900 0.289200
vn 0.050400 0.955900 -0.289200
vn -0.989700 -0.126700 -0.067100
vn 0.076200 -0.068700 -0.994700
vn 0.989700 0.126700 0.067100
vn -0.076200 0.068700 0.994700
vn 0.121400 -0.989600 0.077700
vn -0.121400 0.989600 -0.077700
vn -0.939400 0.024100 0.342000
vn -0.313500 0.344000 -0.885100
vn 0.939400 -0.024100 -0.342100
vn 0.313500 -0.344000 0.885100
vn -0.139000 -0.938600 -0.315600
vn 0.139000 0.938600 0.315600
vn -0.669300 0.263500 0.694700
vn -0.669000 0.193100 -0.717700
vn 0.669300 -0.263600 -0.694700
vn 0.669000 -0.193200 0.717700
vn -0.323300 -0.945100 0.047000
vn 0.323300 0.945100 -0.047000
vn -0.479200 -0.149100 -0.864900
vn 0.856400 0.136300 -0.498000
vn 0.479200 0.149100 0.864900
vn -0.856400 -0.136300 0.498000
vn 0.192100 -0.979400 0.062400
vn -0.192100 0.979400 -0.062400
vn -0.925100 0.328700 0.190000
vn -0.210300 -0.027200 -0.977300
vn 0.925200 -0.328700 -0.189900
vn 0.210300 0.027200 0.977300
vn -0.316000 -0.944100 0.094300
vn 0.316000 0.944100 -0.094300
vn -1.000000 0.003000 0.009300
vn -0.009400 -0.028200 -0.999600
vn 1.000000 -0.003000 -0.009300
vn 0.009400 0.028200 0.999600
vn -0.002700 -0.999600 0.028200
vn 0.002700 0.999600 -0.028200
vn -0.999900 -0.011200 -0.004900
vn 0.005100 -0.022200 -0.999700
vn 0.999900 0.011200 0.004900
vn -0.005100 0.022200 0.999700
vn 0.011100 -0.999700 0.022200
vn -0.011100 0.999700 -0.022200
vn -0.586300 0.064600 0.807500
vn -0.802700 -0.181000 -0.568300
vn 0.586300 -0.064600 -0.807500
vn 0.802700 0.181000 0.568300
vn 0.109400 -0.981400 0.157900
vn -0.109400 0.981400 -0.157900
vn -0.910300 -0.108400 0.399500
vn -0.408600 0.080500 -0.909100
vn 0.910300 0.108400 -0.399500
vn 0.408600 -0.080500 0.909100
vn 0.066400 -0.990800 -0.117600
vn -0.066400 0.990800 0.117600
vn -0.905500 0.090800 0.414500
vn -0.392600 0.191400 -0.899600
vn 0.905500 -0.090800 -0.414500
vn 0.392600 -0.191400 0.899600
vn -0.161000 -0.977300 -0.137700
vn 0.161000 0.977300 0.137700
vn -0.144600 -0.357500 -0.922600
vn 0.933500 0.259800 -0.247000
vn 0.144600 0.357500 0.922600
vn -0.933500 -0.259800 0.247000
vn 0.328000 -0.897000 0.296200
vn -0.328000 0.897000 -0.296200
vn -0.955100 -0.249300 0.160200
vn -0.145800 -0.075300 -0.986400
vn 0.955100 0.249300 -0.160200
vn 0.145800 0.075300 0.986400
vn 0.258000 -0.965500 0.035600
vn -0.258000 0.965500 -0.035600
vn -0.651300 -0.136600 0.746400
vn -0.758300 0.080300 -0.646900
vn 0.651300 0.136600 -0.746400
vn 0.758300 -0.080300 0.646900
vn 0.028500 -0.987400 -0.155900
vn -0.028500 0.987400 0.155900
vn -0.869000 -0.024800 0.494100
vn -0.490600 -0.086700 -0.867100
vn 0.869000 0.024800 -0.494100
vn 0.490600 0.086700 0.867100
vn 0.064300 -0.995900 0.063200
vn -0.064300 0.995900 -0.063200
vn -0.708400 0.697100 -0.110500
vn 0.149000 -0.005300 -0.988800
vn 0.708400 -0.697100 0.110500
vn -0.149000 0.005300 0.988800
vn -0.689900 -0.717000 -0.100100
vn 0.689900 0.717000 0.100100
vn -0.937600 -0.032000 0.346200
vn -0.316400 0.491100 -0.811600
vn 0.937600 0.032000 -0.346200
vn 0.316400 -0.491100 0.811600
vn -0.144000 -0.870500 -0.470600
vn 0.144000 0.870500 0.470600
vn -0.937800 0.332400 0.100600
vn 0.055000 0.428400 -0.901900
vn 0.937800 -0.332400 -0.100600
vn -0.055000 -0.428400 0.901900
vn -0.342900 -0.840200 -0.420000
vn 0.342900 0.840200 0.420000
vn -0.064400 -0.349500 0.934700
vn -0.665400 -0.683000 -0.301200
vn 0.064400 0.349500 -0.934700
vn 0.665400 0.683000 0.301200
vn 0.743700 -0.641300 -0.188600
vn -0.743700 0.641300 0.188600
vn -0.997300 -0.070600 -0.021000
vn 0.031800 -0.155800 -0.987300
vn 0.997300 0.070600 0.021000
vn -0.031800 0.155800 0.987300
vn 0.066400 -0.985300 0.157600
vn -0.066400 0.985300 -0.157600
vn 0.340700 0.020300 0.940000
vn 0.562000 0.076500 -0.823600
vn -0.562000 -0.076400 0.823600
vn -0.573600 -0.000100 0.819200
vn -0.050800 0.065800 -0.996500
vn 0.050900 -0.065800 0.996500
vn -0.504200 -0.059100 -0.861600
vn 0.504200 0.059100 0.861600
vn -0.204500 -0.966000 -0.158200
vn 0.204500 0.966000 0.158200
vn -0.313500 0.344100 -0.885100
vn 0.939400 -0.024100 -0.342000
vn 0.313500 -0.344100 0.885100
vn -0.669000 0.193200 -0.717700
vn 0.669300 -0.263500 -0.694700
vn -0.925200 0.328600 0.189900
vn 0.925200 -0.328600 -0.190000
vn -0.408600 0.080600 -0.909100
vn 0.408600 -0.080600 0.909100
vn -0.990100 0.064200 -0.125200
vn 0.097000 -0.333200 -0.937900
vn 0.990100 -0.064200 0.125200
vn -0.096900 0.333200 0.937900
vn -0.101900 -0.940700 0.323600
vn 0.101900 0.940700 -0.323600
vn 0.096900 -0.333200 -0.937900
vn -0.097000 0.333200 0.937900
s off
f 2/1/1 4/2/1 3/3/1
f 4/4/2 8/5/2 7/6/2
f 6/6/3 5/5/3 7/7/3
f 2/4/4 1/8/4 5/3/4
f 3/9/5 7/3/5 5/8/5
f 8/3/6 4/9/6 2/10/6
f 12/11/7 11/12/7 9/13/7
f 16/12/8 15/14/8 11/15/8
f 14/13/9 13/12/9 15/16/9
f 14/1/10 10/14/10 9/12/10
f 9/16/11 11/15/11 15/7/11
f 14/13/12 16/17/12 12/10/12
f 18/18/13 20/19/13 19/20/13
f 24/21/14 23/22/14 19/18/14
f 24/23/15 22/22/15 21/21/15
f 18/20/16 17/19/16 21/10/16
f 17/24/17 19/25/17 23/26/17
f 22/27/18 24/7/18 20/28/18
f 28/20/19 27/19/19 25/10/19
f 32/21/20 31/22/20 27/18/20
f 30/22/21 29/21/21 31/27/21
f 26/29/22 25/18/22 29/19/22
f 27/30/23 31/31/23 29/32/23
f 32/7/24 28/32/24 26/31/24
f 36/20/25 35/19/25 33/10/25
f 36/29/26 40/21/26 39/22/26
f 38/22/27 37/21/27 39/27/27
f 38/20/28 34/29/28 33/18/28
f 35/33/29 39/34/29 37/35/29
f 38/27/30 40/7/30 36/35/30
f 42/36/31 44/11/31 43/12/31
f 48/12/32 47/14/32 43/15/32
f 46/13/33 45/12/33 47/16/33
f 46/1/34 42/14/34 41/12/34
f 41/16/35 43/15/35 47/7/35
f 46/13/36 48/17/36 44/10/36
f 52/2/37 51/37/37 49/38/37
f 56/5/38 55/39/38 51/40/38
f 54/39/39 53/5/39 55/7/39
f 50/4/40 49/40/40 53/37/40
f 49/41/41 51/9/41 55/37/41
f 54/38/42 56/37/42 52/9/42
f 60/20/43 59/19/43 57/10/43
f 64/21/44 63/22/44 59/18/44
f 62/22/45 61/21/45 63/27/45
f 62/20/46 58/29/46 57/18/46
f 59/42/47 63/43/47 61/44/47
f 62/27/48 64/7/48 60/44/48
f 66/1/49 68/14/49 67/45/49
f 68/15/50 72/7/50 71/46/50
f 70/15/51 69/47/51 71/45/51
f 70/48/52 66/45/52 65/17/52
f 65/49/53 67/50/53 71/47/53
f 72/47/54 68/50/54 66/51/54
f 76/2/55 75/52/55 73/53/55
f 76/54/56 80/55/56 79/4/56
f 78/54/57 77/5/57 79/7/57
f 74/4/58 73/55/58 77/52/58
f 73/9/59 75/52/59 79/55/59
f 80/9/60 76/10/60 74/53/60
f 82/1/61 84/20/61 83/19/61
f 84/29/62 88/21/62 87/22/62
f 86/22/63 85/21/63 87/27/63
f 86/20/64 82/29/64 81/18/64
f 83/56/65 87/57/65 85/58/65
f 88/57/66 84/56/66 82/27/66
f 90/13/67 92/12/67 91/16/67
f 92/11/68 96/1/68 95/14/68
f 94/15/69 93/7/69 95/59/69
f 94/36/70 90/13/70 89/17/70
f 91/36/71 95/11/71 93/12/71
f 94/14/72 96/15/72 92/16/72
f 100/2/73 99/3/73 97/60/73
f 104/5/74 103/6/74 99/8/74
f 102/6/75 101/5/75 103/7/75
f 98/4/76 97/8/76 101/3/76
f 99/9/77 103/3/77 101/8/77
f 104/3/78 100/9/78 98/10/78
f 106/1/79 108/20/79 107/19/79
f 108/22/80 112/18/80 111/29/80
f 110/22/81 109/21/81 111/27/81
f 106/29/82 105/18/82 109/19/82
f 107/34/83 111/35/83 109/61/83
f 110/7/84 112/35/84 108/34/84
f 114/13/85 116/12/85 115/16/85
f 120/14/86 119/15/86 115/16/86
f 118/15/87 117/7/87 119/59/87
f 114/13/88 113/17/88 117/10/88
f 113/13/89 115/36/89 119/11/89
f 118/1/90 120/14/90 116/12/90
f 122/12/91 124/14/91 123/15/91
f 124/62/92 128/13/92 127/12/92
f 128/11/93 126/1/93 125/14/93
f 122/12/94 121/13/94 125/36/94
f 123/16/95 127/15/95 125/7/95
f 126/36/96 128/13/96 124/17/96
f 130/10/97 132/36/97 131/13/97
f 136/16/98 135/15/98 131/7/98
f 136/13/99 134/12/99 133/16/99
f 130/14/100 129/12/100 133/11/100
f 131/36/101 135/11/101 133/12/101
f 136/15/102 132/16/102 130/12/102
f 138/1/103 140/2/103 139/63/103
f 144/5/104 143/64/104 139/65/104
f 142/64/105 141/5/105 143/7/105
f 138/4/106 137/65/106 141/63/106
f 139/9/107 143/63/107 141/65/107
f 144/63/108 140/9/108 138/10/108
f 148/20/109 147/19/109 145/10/109
f 148/29/110 152/21/110 151/22/110
f 150/22/111 149/21/111 151/27/111
f 146/29/112 145/18/112 149/19/112
f 145/24/113 147/25/113 151/26/113
f 150/27/114 152/7/114 148/28/114
f 154/16/115 153/12/115 155/13/115
f 155/10/116 159/17/116 160/13/116
f 160/7/117 159/15/117 157/16/117
f 157/14/118 153/1/118 154/11/118
f 153/11/119 157/36/119 159/13/119
f 154/15/120 156/14/120 160/12/120
f 162/1/121 164/2/121 163/66/121
f 168/5/122 167/67/122 163/68/122
f 166/67/123 165/5/123 167/7/123
f 162/4/124 161/68/124 165/66/124
f 161/41/125 163/9/125 167/66/125
f 166/69/126 168/66/126 164/9/126
f 172/2/127 171/70/127 169/71/127
f 172/4/128 176/5/128 175/72/128
f 176/73/129 174/72/129 173/5/129
f 170/4/130 169/74/130 173/70/130
f 169/41/131 171/9/131 175/70/131
f 176/70/132 172/9/132 170/10/132
f 180/20/133 179/19/133 177/10/133
f 184/21/134 183/22/134 179/18/134
f 182/22/135 181/21/135 183/27/135
f 182/20/136 178/29/136 177/18/136
f 177/75/137 179/76/137 183/77/137
f 184/77/138 180/76/138 178/27/138
f 188/11/139 187/12/139 185/13/139
f 188/11/140 192/1/140 191/14/140
f 192/13/141 190/12/141 189/16/141
f 186/15/142 185/16/142 189/12/142
f 185/59/143 187/16/143 191/15/143
f 192/13/144 188/17/144 186/10/144
f 196/78/145 195/79/145 193/10/145
f 200/80/146 199/81/146 195/82/146
f 200/83/147 198/79/147 197/78/147
f 194/84/148 193/82/148 197/83/148
f 195/85/149 199/86/149 197/87/149
f 198/7/150 200/86/150 196/85/150
f 202/1/151 204/20/151 203/19/151
f 208/21/152 207/22/152 203/18/152
f 208/23/153 206/22/153 205/21/153
f 202/29/154 201/18/154 205/19/154
f 203/88/155 207/89/155 205/90/155
f 206/7/156 208/89/156 204/88/156
f 212/20/157 211/19/157 209/10/157
f 216/21/158 215/22/158 211/18/158
f 214/22/159 213/21/159 215/27/159
f 214/20/160 210/29/160 209/18/160
f 211/91/161 215/92/161 213/93/161
f 216/92/162 212/91/162 210/27/162
f 220/20/163 219/19/163 217/10/163
f 220/22/164 224/18/164 223/29/164
f 222/22/165 221/21/165 223/27/165
f 222/20/166 218/29/166 217/18/166
f 219/94/167 223/95/167 221/96/167
f 222/27/168 224/7/168 220/96/168
f 228/20/169 227/19/169 225/10/169
f 228/29/170 232/21/170 231/22/170
f 230/22/171 229/21/171 231/27/171
f 230/20/172 226/29/172 225/18/172
f 225/97/173 227/98/173 231/99/173
f 232/7/174 228/100/174 226/99/174
f 234/13/175 236/12/175 235/16/175
f 240/15/176 239/7/176 235/59/176
f 240/10/177 238/36/177 237/13/177
f 234/15/178 233/16/178 237/12/178
f 235/11/179 239/1/179 237/14/179
f 238/11/180 240/12/180 236/13/180
f 242/1/181 244/20/181 243/19/181
f 248/21/182 247/22/182 243/18/182
f 246/22/183 245/21/183 247/27/183
f 242/29/184 241/18/184 245/19/184
f 241/101/185 243/102/185 247/103/185
f 248/7/186 244/104/186 242/103/186
f 250/36/187 252/11/187 251/12/187
f 256/11/188 255/1/188 251/14/188
f 254/13/189 253/12/189 255/16/189
f 250/15/190 249/16/190 253/12/190
f 251/36/191 255/13/191 253/17/191
f 256/59/192 252/16/192 250/15/192
f 260/105/193 259/46/193 257/106/193
f 260/105/194 264/107/194 263/7/194
f 264/108/195 262/109/195 261/105/195
f 258/105/196 257/109/196 261/110/196
f 257/109/197 259/48/197 263/1/197
f 264/109/198 260/108/198 258/10/198
f 268/20/199 267/19/199 265/10/199
f 272/21/200 271/22/200 267/18/200
f 270/22/201 269/21/201 271/27/201
f 266/29/202 265/18/202 269/19/202
f 265/102/203 267/103/203 271/104/203
f 272/104/204 268/103/204 266/27/204
f 276/111/205 275/112/205 273/10/205
f 276/113/206 280/114/206 279/115/206
f 278/116/207 277/117/207 279/112/207
f 274/113/208 273/118/208 277/48/208
f 275/119/209 279/114/209 277/7/209
f 278/116/210 280/120/210 276/121/210
f 284/20/211 283/19/211 281/10/211
f 284/22/212 288/18/212 287/29/212
f 288/23/213 286/22/213 285/21/213
f 286/20/214 282/29/214 281/18/214
f 283/122/215 287/123/215 285/124/215
f 288/7/216 284/124/216 282/123/216
f 290/1/217 292/20/217 291/125/217
f 296/21/218 295/126/218 291/127/218
f 296/128/219 294/126/219 293/21/219
f 290/29/220 289/127/220 293/125/220
f 291/27/221 295/7/221 293/129/221
f 294/125/222 296/19/222 292/10/222
f 300/130/223 299/131/223 297/48/223
f 300/132/224 304/7/224 303/46/224
f 304/133/225 302/131/225 301/130/225
f 302/48/226 298/134/226 297/135/226
f 297/136/227 299/137/227 303/138/227
f 302/137/228 304/136/228 300/139/228
f 308/20/229 307/19/229 305/10/229
f 312/21/230 311/22/230 307/18/230
f 310/22/231 309/21/231 311/27/231
f 306/29/232 305/18/232 309/19/232
f 305/58/233 307/140/233 311/56/233
f 312/7/234 308/57/234 306/56/234
f 314/1/235 316/20/235 315/19/235
f 316/22/236 320/18/236 319/29/236
f 318/22/237 317/21/237 319/27/237
f 314/29/238 313/18/238 317/19/238
f 315/141/239 319/142/239 317/143/239
f 320/7/240 316/143/240 314/142/240
f 322/36/241 324/11/241 323/12/241
f 324/11/242 328/1/242 327/14/242
f 326/12/243 325/16/243 327/62/243
f 326/14/244 322/15/244 321/16/244
f 323/16/245 327/15/245 325/7/245
f 326/36/246 328/13/246 324/17/246
f 332/19/247 331/20/247 329/29/247
f 336/10/248 335/1/248 331/20/248
f 336/23/249 334/22/249 333/21/249
f 334/29/250 330/21/250 329/22/250
f 329/144/251 331/145/251 335/146/251
f 334/27/252 336/7/252 332/144/252
f 338/13/253 340/12/253 339/16/253
f 344/12/254 343/14/254 339/15/254
f 344/59/255 342/16/255 341/15/255
f 342/36/256 338/13/256 337/17/256
f 339/36/257 343/11/257 341/12/257
f 344/14/258 340/12/258 338/11/258
f 346/147/259 348/148/259 347/149/259
f 352/150/260 351/151/260 347/152/260
f 350/149/261 349/148/261 351/7/261
f 346/147/262 345/153/262 349/151/262
f 347/154/263 351/155/263 349/156/263
f 350/156/264 352/10/264 348/152/264
f 356/2/265 355/70/265 353/71/265
f 356/74/266 360/70/266 359/2/266
f 358/72/267 357/5/267 359/7/267
f 354/5/268 353/72/268 357/74/268
f 355/9/269 359/70/269 357/74/269
f 360/70/270 356/9/270 354/10/270
f 362/157/271 364/158/271 363/46/271
f 364/158/272 368/159/272 367/7/272
f 368/160/273 366/161/273 365/159/273
f 366/158/274 362/157/274 361/162/274
f 361/162/275 363/10/275 367/48/275
f 368/161/276 364/160/276 362/48/276
f 370/1/277 372/2/277 371/163/277
f 376/4/278 375/164/278 371/163/278
f 374/165/279 373/5/279 375/7/279
f 370/5/280 369/165/280 373/164/280
f 371/164/281 375/165/281 373/166/281
f 376/9/282 372/10/282 370/167/282
f 378/22/283 380/18/283 379/29/283
f 384/29/284 383/18/284 379/19/284
f 382/22/285 381/21/285 383/27/285
f 378/20/286 377/19/286 381/10/286
f 379/168/287 383/169/287 381/129/287
f 382/27/288 384/7/288 380/129/288
f 386/170/289 388/10/289 387/1/289
f 388/171/290 392/172/290 391/173/290
f 390/170/291 389/174/291 391/175/291
f 386/171/292 385/176/292 389/177/292
f 387/178/293 391/179/293 389/180/293
f 392/179/294 388/178/294 386/172/294
f 1/60/1 2/1/1 3/3/1
f 3/8/2 4/4/2 7/6/2
f 8/181/3 6/6/3 7/7/3
f 6/2/295 2/4/295 5/3/295
f 1/41/5 3/9/5 5/8/5
f 6/60/6 8/3/6 2/10/6
f 10/36/7 12/11/7 9/13/7
f 12/16/8 16/12/8 11/15/8
f 16/62/9 14/13/9 15/16/9
f 13/11/10 14/1/10 9/12/10
f 13/59/11 9/16/11 15/7/11
f 10/36/12 14/13/12 12/10/12
f 17/29/13 18/18/13 19/20/13
f 20/29/14 24/21/14 19/18/14
f 23/27/15 24/23/15 21/21/15
f 22/1/16 18/20/16 21/10/16
f 21/28/17 17/24/17 23/26/17
f 18/26/18 22/27/18 20/28/18
f 26/1/19 28/20/19 25/10/19
f 28/29/20 32/21/20 27/18/20
f 32/23/21 30/22/21 31/27/21
f 30/20/22 26/29/22 29/19/22
f 25/182/23 27/30/23 29/32/23
f 30/27/24 32/7/24 26/31/24
f 34/1/25 36/20/25 33/10/25
f 35/18/26 36/29/26 39/22/26
f 40/23/27 38/22/27 39/27/27
f 37/19/28 38/20/28 33/18/28
f 33/61/29 35/33/29 37/35/29
f 34/34/30 38/27/30 36/35/30
f 41/13/31 42/36/31 43/12/31
f 44/16/296 48/12/296 43/15/296
f 48/62/33 46/13/33 47/16/33
f 45/11/297 46/1/297 41/12/297
f 45/59/35 41/16/35 47/7/35
f 42/36/36 46/13/36 44/10/36
f 50/1/37 52/2/37 49/38/37
f 52/4/38 56/5/38 51/40/38
f 56/183/39 54/39/39 55/7/39
f 54/2/40 50/4/40 53/37/40
f 53/40/41 49/41/41 55/37/41
f 50/10/42 54/38/42 52/9/42
f 58/1/43 60/20/43 57/10/43
f 60/29/44 64/21/44 59/18/44
f 64/23/45 62/22/45 63/27/45
f 61/19/46 62/20/46 57/18/46
f 57/184/47 59/42/47 61/44/47
f 58/43/48 62/27/48 60/44/48
f 65/48/49 66/1/49 67/45/49
f 67/47/50 68/15/50 71/46/50
f 72/14/51 70/15/51 71/45/51
f 69/10/52 70/48/52 65/17/52
f 69/46/53 65/49/53 71/47/53
f 70/45/54 72/47/54 66/51/54
f 74/1/55 76/2/55 73/53/55
f 75/5/56 76/54/56 79/4/56
f 80/185/57 78/54/57 79/7/57
f 78/2/298 74/4/298 77/52/298
f 77/41/59 73/9/59 79/55/59
f 78/52/60 80/9/60 74/53/60
f 81/10/61 82/1/61 83/19/61
f 83/18/62 84/29/62 87/22/62
f 88/23/63 86/22/63 87/27/63
f 85/19/64 86/20/64 81/18/64
f 81/140/65 83/56/65 85/58/65
f 86/7/66 88/57/66 82/27/66
f 89/62/67 90/13/67 91/16/67
f 91/12/68 92/11/68 95/14/68
f 96/16/69 94/15/69 95/59/69
f 93/10/70 94/36/70 89/17/70
f 89/13/71 91/36/71 93/12/71
f 90/12/72 94/14/72 92/16/72
f 98/1/73 100/2/73 97/60/73
f 100/4/74 104/5/74 99/8/74
f 104/181/75 102/6/75 103/7/75
f 102/2/76 98/4/76 101/3/76
f 97/41/77 99/9/77 101/8/77
f 102/60/78 104/3/78 98/10/78
f 105/10/79 106/1/79 107/19/79
